   1110788.62       0.00000000       0.00000000       0.00000000       104908.797       144927.766       1056009.00       179672304.    
   1370548.25       0.00000000       0.00000000       0.00000000       0.00000000       347667.438       1356642.88       170198000.    
   1691052.88       0.00000000       0.00000000       0.00000000       380969.375       297991.375       1453226.00       135299600.    
   2086508.00       0.00000000       0.00000000       222303.438       0.00000000       476526.656       2525369.25       112662928.    
   2574441.00       0.00000000       0.00000000       0.00000000       150648.641       626092.312       2831761.50       98655096.0    
   3176477.75       0.00000000       0.00000000       0.00000000       0.00000000       1874936.75       4295858.50       101139192.    
   3919301.50       0.00000000       0.00000000       749505.188       1403814.00       500504.156       5479202.00       74883416.0    
   4835836.00       0.00000000       0.00000000       0.00000000       532141.438       1053507.75       12806456.0       83186648.0    
   5966703.00       0.00000000       0.00000000       0.00000000       1178959.12       625653.875       14478142.0       77807024.0    
   7362025.50       0.00000000       0.00000000       0.00000000       0.00000000       2778192.75       23835558.0       92460592.0    
   9083646.00       0.00000000       0.00000000       900821.688       749190.000       2689488.75       33877588.0       99367408.0    
   11207869.0       0.00000000       0.00000000       0.00000000       502670.094       7024447.50       47190944.0       159469136.    
   13828846.0       0.00000000       0.00000000       0.00000000       1239994.00       15841804.0       62895752.0       141055680.    
   17062742.0       0.00000000       0.00000000       0.00000000       4515172.00       15986177.0       65397284.0       210997456.    
   21052888.0       0.00000000       0.00000000       0.00000000       0.00000000       23096506.0       88762496.0       267710384.    
   25976136.0       0.00000000       0.00000000       0.00000000       2664850.00       28163274.0       100488176.       379300992.    
   32050694.0       0.00000000       0.00000000       6733978.00       13740527.0       30463504.0       192692128.       418253056.    
   39545796.0       0.00000000       0.00000000       0.00000000       5653982.50       59291304.0       204756720.       567752704.    
   48793636.0       0.00000000       0.00000000       13590174.0       50168900.0       83179872.0       256850016.       561465792.    
   60204100.0       0.00000000       0.00000000       0.00000000       26767040.0       76208056.0       251735008.       765543744.    
   74282912.0       3628245.50       7382148.50       9755235.00       9245862.00       87635856.0       421955360.       944183616.    
   91654080.0       0.00000000       0.00000000       13035274.0       54364752.0       157298864.       484558208.       1.09595482E+09
   113087520.       0.00000000       0.00000000       13291263.0       50804044.0       238384336.       828371968.       1.35881229E+09
   139533200.       0.00000000       0.00000000       0.00000000       41815548.0       326516384.       725237760.       1.62957760E+09
   172163248.       0.00000000       0.00000000       19703972.0       152011952.       490516000.       1.00372966E+09   2.16454477E+09
   212423872.       0.00000000       0.00000000       94099440.0       138946304.       562371584.       1.59158874E+09   2.40515840E+09
   262099504.       25456220.0       26941024.0       97734968.0       326783936.       1.22575706E+09   1.96405350E+09   2.76801306E+09
   323391840.       16424383.0       0.00000000       105302584.       193290000.       1.35025267E+09   2.37501952E+09   3.16480000E+09
   399017504.       0.00000000       80373872.0       35528892.0       522348928.       848585792.       2.61025050E+09   4.15178982E+09
   492328320.       0.00000000       100332944.       232923904.       573208704.       1.97425152E+09   3.68122342E+09   4.32958310E+09
   607460032.       0.00000000       34860972.0       207570272.       722078016.       3.70181786E+09   4.37931110E+09   4.80872294E+09
   749515392.       0.00000000       33004864.0       376506176.       1.40611507E+09   3.25340698E+09   5.33356288E+09   5.54423706E+09
   924790656.       0.00000000       95945360.0       514174496.       1.67066752E+09   5.13843302E+09   7.40239360E+09   4.64403098E+09
   1.14105434E+09   0.00000000       164765280.       969505344.       1.94393178E+09   6.47359181E+09   1.15246336E+10   4.82613862E+09
   1.40789146E+09   0.00000000       124728136.       592003136.       2.82204800E+09   1.04196157E+10   1.24901396E+10   5.73549517E+09
   1.73712896E+09   158197200.       774956032.       760690368.       4.42909440E+09   1.23270072E+10   1.59889009E+10   4.28704589E+09
   2.14335910E+09   0.00000000       795028096.       2.99170534E+09   6.17090970E+09   1.23672893E+10   2.40863908E+10   4.44491162E+09
   2.64458675E+09   0.00000000       141486768.       2.45830067E+09   8.90687795E+09   1.98058353E+10   3.09403812E+10   3.07381914E+09
   3.26302720E+09   0.00000000       977091456.       3.28669184E+09   9.88652134E+09   2.71121961E+10   3.57329224E+10   4.39489690E+09
   4.02609075E+09   0.00000000       636588160.       3.61472973E+09   1.65739663E+10   3.53029079E+10   5.39500831E+10   1.76425741E+09
   4.96759808E+09   0.00000000       1.87065395E+09   5.54145280E+09   2.69682790E+10   4.06418760E+10   4.16202957E+10   0.00000000    
   6.12927795E+09   1.93484698E+09   1.68639616E+09   1.22344202E+10   3.26988145E+10   5.60520110E+10   6.83120804E+10   0.00000000    
   7.56261837E+09   1.94743514E+09   3.93647590E+09   3.93303808E+09   3.94639811E+10   8.74526474E+10   5.98758932E+10   0.00000000    
   9.33114778E+09   1.97332237E+09   1.01839891E+09   1.74407066E+10   5.75111782E+10   1.03877485E+11   8.47584625E+10   0.00000000    
   1.15132498E+10   1.72019213E+09   7.61175552E+09   2.86610371E+10   7.53449206E+10   1.27809274E+11   9.64113039E+10   0.00000000    
   1.42056397E+10   1.46395546E+09   3.78667366E+09   2.23814943E+10   7.64285501E+10   1.40282429E+11   8.08434483E+10   0.00000000    
   1.75276503E+10   1.79662374E+09   7.66453146E+09   2.41253417E+10   8.54656696E+10   1.50877635E+11   7.11127122E+10   0.00000000    
   2.16265155E+10   7.03575808E+09   2.06821581E+10   4.17181983E+10   1.36903762E+11   2.08701260E+11   7.57416755E+10   0.00000000    
   2.66839081E+10   3.21148442E+09   8.85881651E+09   5.78435277E+10   1.34756671E+11   2.49892635E+11   7.20163308E+10   0.00000000    
   3.29239777E+10   1.96487066E+10   3.65704602E+10   6.96469340E+10   1.59637340E+11   2.40570565E+11   1.44012313E+11   0.00000000    
   4.06233006E+10   1.99555748E+10   8.55589888E+09   6.90118410E+10   1.38241622E+11   2.70484554E+11   7.11571374E+10   0.00000000    
   5.01231165E+10   1.00267008E+10   3.69528545E+10   1.29833386E+11   1.76671883E+11   2.71915762E+11   1.11937495E+11   0.00000000    
   6.18444800E+10   2.10043761E+10   3.43332987E+10   1.19186514E+11   2.26515223E+11   3.37577083E+11   8.82512364E+10   0.00000000    
   7.63068989E+10   2.78369976E+10   5.05446072E+10   1.69556132E+11   2.16583258E+11   1.91797412E+11   4.33056440E+10   0.00000000    
   9.41513769E+10   5.51196918E+10   7.63033682E+10   1.41927301E+11   3.05505501E+11   2.43710788E+11   4.97523180E+10   0.00000000    
   1.16168819E+11   5.67948698E+10   1.08882280E+11   1.72979978E+11   2.32042152E+11   2.98818306E+11   8.24993546E+10   0.00000000    
   1.43335064E+11   6.23101420E+10   8.00663388E+10   1.91397790E+11   2.76337000E+11   2.51742306E+11   4.39730258E+10   0.00000000    
   1.76854172E+11   1.07425022E+11   9.33384684E+10   2.30777750E+11   1.22607002E+11   2.12606468E+11   5.13451540E+10   0.00000000    
   2.18211779E+11   1.51876469E+11   1.42463599E+11   3.50535909E+11   1.56623143E+11   2.29474828E+11   0.00000000       0.00000000    
   2.69240910E+11   2.21808353E+10   1.47843301E+11   1.07307590E+11   2.29817680E+11   1.08643983E+11   0.00000000       0.00000000    
   3.32203295E+11   7.26653829E+10   1.02759645E+11   1.94896560E+11   2.17702482E+11   1.19681851E+11   0.00000000       0.00000000    
   4.09889505E+11   0.00000000       8.57385533E+10   4.31242772E+10   3.42988104E+10   0.00000000       0.00000000       0.00000000    
   5.05742787E+11   0.00000000       5.50641213E+10   5.63520922E+10   5.96538327E+10   5.53297838E+10   0.00000000       0.00000000    
   6.24011444E+11   0.00000000       5.43999672E+10   0.00000000       8.15526707E+10   0.00000000       0.00000000       0.00000000    
   7.69937441E+11   0.00000000       7.90724526E+10   0.00000000       0.00000000       0.00000000       0.00000000       0.00000000    
   9.49988426E+11   0.00000000       0.00000000       0.00000000       0.00000000       0.00000000       0.00000000       0.00000000    
   1.17214452E+12   0.00000000       0.00000000       0.00000000       0.00000000       0.00000000       0.00000000       0.00000000    
   1.44625225E+12   0.00000000       0.00000000       0.00000000       0.00000000       0.00000000       0.00000000       0.00000000    
   1.78446048E+12   8.76983583E+10   0.00000000       0.00000000       0.00000000       0.00000000       0.00000000       0.00000000    
   2.20175925E+12   0.00000000       0.00000000       0.00000000       0.00000000       0.00000000       0.00000000       0.00000000    
   2.71664362E+12   0.00000000       0.00000000       0.00000000       0.00000000       0.00000000       0.00000000       0.00000000    
   3.35193466E+12   0.00000000       0.00000000       0.00000000       0.00000000       0.00000000       0.00000000       0.00000000    
   4.13578953E+12   0.00000000       0.00000000       0.00000000       0.00000000       0.00000000       0.00000000       0.00000000    
   5.10295015E+12   0.00000000       0.00000000       0.00000000       0.00000000       0.00000000       0.00000000       0.00000000    
   6.29628207E+12   0.00000000       0.00000000       0.00000000       0.00000000       0.00000000       0.00000000       0.00000000    
   7.76867676E+12   0.00000000       0.00000000       0.00000000       0.00000000       0.00000000       0.00000000       0.00000000    
   9.58539288E+12   0.00000000       0.00000000       0.00000000       0.00000000       0.00000000       0.00000000       0.00000000    
   1.18269516E+13   0.00000000       0.00000000       0.00000000       0.00000000       0.00000000       0.00000000       0.00000000    
   1.45927008E+13   0.00000000       0.00000000       0.00000000       0.00000000       0.00000000       0.00000000       0.00000000    
   1.80052243E+13   0.00000000       0.00000000       0.00000000       0.00000000       0.00000000       0.00000000       0.00000000    
