   1110788.62       180978144.       0.00000000    
   1370548.25       171902320.       0.00000000    
   1691052.88       137431792.       0.00000000    
   2086508.00       115887120.       0.00000000    
   2574441.00       102263600.       0.00000000    
   3176477.75       107309984.       0.00000000    
   3919301.50       83016440.0       0.00000000    
   4835836.00       97578752.0       499290.281    
   5966703.00       94089776.0       1373815.00    
   7362025.50       119074336.       7839160.00    
   9083646.00       137584496.       14519266.0    
   11207869.0       214187200.       14390152.0    
   13828846.0       221033232.       19042434.0    
   17062742.0       296896096.       44173340.0    
   21052888.0       379569376.       47611656.0    
   25976136.0       510617280.       81302360.0    
   32050694.0       661883200.       85877648.0    
   39545796.0       837454720.       157607904.    
   48793636.0       965254784.       200181728.    
   60204100.0       1.12025382E+09   219121600.    
   74282912.0       1.48378637E+09   357760224.    
   91654080.0       1.80521190E+09   467498048.    
   113087520.       2.48966400E+09   662008128.    
   139533200.       2.72314726E+09   941283584.    
   172163248.       3.83050650E+09   1.06654048E+09
   212423872.       4.79216435E+09   1.16839706E+09
   262099504.       6.43473971E+09   1.64105574E+09
   323391840.       7.20508928E+09   1.86395405E+09
   399017504.       8.24887757E+09   2.03940954E+09
   492328320.       1.08915231E+10   2.34704896E+09
   607460032.       1.38543606E+10   3.26515994E+09
   749515392.       1.59468329E+10   3.22406835E+09
   924790656.       1.94656440E+10   7.02679398E+09
   1.14105434E+09   2.59025674E+10   9.06690970E+09
   1.40789146E+09   3.21840292E+10   1.08185846E+10
   1.73712896E+09   3.87258900E+10   1.22117325E+10
   2.14335910E+09   5.08562350E+10   2.31768412E+10
   2.64458675E+09   6.53266985E+10   2.76437074E+10
   3.26302720E+09   8.13903217E+10   3.79800330E+10
   4.02609075E+09   1.11842533E+11   5.21993585E+10
   4.96759808E+09   1.16642562E+11   7.17982761E+10
   6.12927795E+09   1.72918571E+11   1.00378116E+11
   7.56261837E+09   1.96609475E+11   1.37361777E+11
   9.33114778E+09   2.66579558E+11   1.73824311E+11
   1.15132498E+10   3.37558471E+11   1.74012973E+11
   1.42056397E+10   3.25186552E+11   2.14213034E+11
   1.75276503E+10   3.41042528E+11   2.34311975E+11
   2.16265155E+10   4.90782818E+11   3.27761002E+11
   2.66839081E+10   5.26579466E+11   2.99068981E+11
   3.29239777E+10   6.70086332E+11   3.68755802E+11
   4.06233006E+10   5.77406632E+11   3.97512606E+11
   5.01231165E+10   7.37338065E+11   3.73198127E+11
   6.18444800E+10   8.26867712E+11   2.76441760E+11
   7.63068989E+10   6.99624063E+11   3.00990693E+11
   9.41513769E+10   8.72318960E+11   2.26822537E+11
   1.16168819E+11   9.52016962E+11   2.16171643E+11
   1.43335064E+11   9.05826599E+11   2.13535080E+11
   1.76854172E+11   8.18099847E+11   1.43402926E+11
   2.18211779E+11   1.03097395E+12   5.95662479E+10
   2.69240910E+11   6.15793361E+11   2.10255872E+11
   3.32203295E+11   7.07705897E+11   5.57212590E+10
   4.09889505E+11   1.63161637E+11   8.32466862E+10
   5.05742787E+11   2.26399830E+11   0.00000000    
   6.24011444E+11   1.35952638E+11   0.00000000    
   7.69937441E+11   7.90724526E+10   0.00000000    
   9.49988426E+11   0.00000000       0.00000000    
   1.17214452E+12   0.00000000       0.00000000    
   1.44625225E+12   0.00000000       0.00000000    
   1.78446048E+12   8.76983583E+10   0.00000000    
   2.20175925E+12   0.00000000       0.00000000    
   2.71664362E+12   0.00000000       0.00000000    
   3.35193466E+12   0.00000000       0.00000000    
   4.13578953E+12   0.00000000       0.00000000    
   5.10295015E+12   0.00000000       0.00000000    
   6.29628207E+12   0.00000000       0.00000000    
   7.76867676E+12   0.00000000       0.00000000    
   9.58539288E+12   0.00000000       0.00000000    
   1.18269516E+13   0.00000000       0.00000000    
   1.45927008E+13   0.00000000       0.00000000    
   1.80052243E+13   0.00000000       0.00000000    
