   1110788.62       0.00000000       0.00000000       0.00000000       104908.797       249836.562       1305845.50       180978144.    
   1370548.25       0.00000000       0.00000000       0.00000000       0.00000000       347667.438       1704310.38       171902320.    
   1691052.88       0.00000000       0.00000000       0.00000000       380969.375       678960.750       2132186.75       137431792.    
   2086508.00       0.00000000       0.00000000       222303.438       222303.438       698830.125       3224199.25       115887120.    
   2574441.00       0.00000000       0.00000000       0.00000000       150648.641       776741.000       3608502.50       102263600.    
   3176477.75       0.00000000       0.00000000       0.00000000       0.00000000       1874936.75       6170795.50       107309984.    
   3919301.50       0.00000000       0.00000000       749505.188       2153319.25       2653823.25       8133025.50       83016440.0    
   4835836.00       0.00000000       0.00000000       0.00000000       532141.438       1585649.25       14392105.0       97578752.0    
   5966703.00       0.00000000       0.00000000       0.00000000       1178959.12       1804613.00       16282755.0       94089776.0    
   7362025.50       0.00000000       0.00000000       0.00000000       0.00000000       2778192.75       26613750.0       119074336.    
   9083646.00       0.00000000       0.00000000       900821.688       1650011.62       4339500.50       38217088.0       137584496.    
   11207869.0       0.00000000       0.00000000       0.00000000       502670.094       7527117.50       54718064.0       214187200.    
   13828846.0       0.00000000       0.00000000       0.00000000       1239994.00       17081798.0       79977552.0       221033232.    
   17062742.0       0.00000000       0.00000000       0.00000000       4515172.00       20501350.0       85898632.0       296896096.    
   21052888.0       0.00000000       0.00000000       0.00000000       0.00000000       23096506.0       111859000.       379569376.    
   25976136.0       0.00000000       0.00000000       0.00000000       2664850.00       30828124.0       131316296.       510617280.    
   32050694.0       0.00000000       0.00000000       6733978.00       20474504.0       50938008.0       243630128.       661883200.    
   39545796.0       0.00000000       0.00000000       0.00000000       5653982.50       64945288.0       269702016.       837454720.    
   48793636.0       0.00000000       0.00000000       13590174.0       63759076.0       146938944.       403788960.       965254784.    
   60204100.0       0.00000000       0.00000000       0.00000000       26767040.0       102975096.       354710112.       1.12025382E+09
   74282912.0       3628245.50       11010394.0       20765630.0       30011492.0       117647344.       539602688.       1.48378637E+09
   91654080.0       0.00000000       0.00000000       13035274.0       67400024.0       224698896.       709257088.       1.80521190E+09
   113087520.       0.00000000       0.00000000       13291263.0       64095304.0       302479648.       1.13085158E+09   2.48966400E+09
   139533200.       0.00000000       0.00000000       0.00000000       41815548.0       368331936.       1.09356966E+09   2.72314726E+09
   172163248.       0.00000000       0.00000000       19703972.0       171715920.       662231936.       1.66596160E+09   3.83050650E+09
   212423872.       0.00000000       0.00000000       94099440.0       233045744.       795417344.       2.38700621E+09   4.79216435E+09
   262099504.       25456220.0       52397244.0       150132208.       476916128.       1.70267315E+09   3.66672666E+09   6.43473971E+09
   323391840.       16424383.0       16424383.0       121726968.       315016960.       1.66526963E+09   4.04028928E+09   7.20508928E+09
   399017504.       0.00000000       80373872.0       115902760.       638251712.       1.48683750E+09   4.09708800E+09   8.24887757E+09
   492328320.       0.00000000       100332944.       333256832.       906465600.       2.88071706E+09   6.56194048E+09   1.08915231E+10
   607460032.       0.00000000       34860972.0       242431248.       964509248.       4.66632704E+09   9.04563814E+09   1.38543606E+10
   749515392.       0.00000000       33004864.0       409511040.       1.81562611E+09   5.06903347E+09   1.04025958E+10   1.59468329E+10
   924790656.       0.00000000       95945360.0       610119872.       2.28078746E+09   7.41922048E+09   1.48216136E+10   1.94656440E+10
   1.14105434E+09   0.00000000       164765280.       1.13427059E+09   3.07820237E+09   9.55179418E+09   2.10764288E+10   2.59025674E+10
   1.40789146E+09   0.00000000       124728136.       716731264.       3.53877939E+09   1.39583949E+10   2.64485335E+10   3.21840292E+10
   1.73712896E+09   158197200.       933153216.       1.69384358E+09   6.12293837E+09   1.84499446E+10   3.44388444E+10   3.87258900E+10
   2.14335910E+09   0.00000000       795028096.       3.78673357E+09   9.95764326E+09   2.23249326E+10   4.64113213E+10   5.08562350E+10
   2.64458675E+09   0.00000000       141486768.       2.59978726E+09   1.15066644E+10   3.13125007E+10   6.22528799E+10   6.53266985E+10
   3.26302720E+09   0.00000000       977091456.       4.26378342E+09   1.41503048E+10   4.12625019E+10   7.69954202E+10   8.13903217E+10
   4.02609075E+09   0.00000000       636588160.       4.25131776E+09   2.08252846E+10   5.61281925E+10   1.10078280E+11   1.11842533E+11
   4.96759808E+09   0.00000000       1.87065395E+09   7.41210675E+09   3.43803863E+10   7.50222623E+10   1.16642562E+11   1.16642562E+11
   6.12927795E+09   1.93484698E+09   3.62124314E+09   1.58556631E+10   4.85544796E+10   1.04606491E+11   1.72918571E+11   1.72918571E+11
   7.56261837E+09   1.94743514E+09   5.88391117E+09   9.81694874E+09   4.92809339E+10   1.36733581E+11   1.96609475E+11   1.96609475E+11
   9.33114778E+09   1.97332237E+09   2.99172122E+09   2.04324270E+10   7.79436032E+10   1.81821096E+11   2.66579558E+11   2.66579558E+11
   1.15132498E+10   1.72019213E+09   9.33194752E+09   3.79929846E+10   1.13337901E+11   2.41147167E+11   3.37558471E+11   3.37558471E+11
   1.42056397E+10   1.46395546E+09   5.25062912E+09   2.76321239E+10   1.04060674E+11   2.44343112E+11   3.25186552E+11   3.25186552E+11
   1.75276503E+10   1.79662374E+09   9.46115482E+09   3.35864975E+10   1.19052173E+11   2.69929808E+11   3.41042528E+11   3.41042528E+11
   2.16265155E+10   7.03575808E+09   2.77179167E+10   6.94361129E+10   2.06339883E+11   4.15041126E+11   4.90782818E+11   4.90782818E+11
   2.66839081E+10   3.21148442E+09   1.20703007E+10   6.99138294E+10   2.04670501E+11   4.54563135E+11   5.26579466E+11   5.26579466E+11
   3.29239777E+10   1.96487066E+10   5.62191647E+10   1.25866099E+11   2.85503455E+11   5.26074020E+11   6.70086332E+11   6.70086332E+11
   4.06233006E+10   1.99555748E+10   2.85114737E+10   9.75233106E+10   2.35764941E+11   5.06249511E+11   5.77406632E+11   5.77406632E+11
   5.01231165E+10   1.00267008E+10   4.69795553E+10   1.76812933E+11   3.53484833E+11   6.25400611E+11   7.37338065E+11   7.37338065E+11
   6.18444800E+10   2.10043761E+10   5.53376768E+10   1.74524187E+11   4.01039426E+11   7.38616476E+11   8.26867712E+11   8.26867712E+11
   7.63068989E+10   2.78369976E+10   7.83816049E+10   2.47937745E+11   4.64521003E+11   6.56318398E+11   6.99624063E+11   6.99624063E+11
   9.41513769E+10   5.51196918E+10   1.31423060E+11   2.73350361E+11   5.78855895E+11   8.22566650E+11   8.72318960E+11   8.72318960E+11
   1.16168819E+11   5.67948698E+10   1.65677154E+11   3.38657149E+11   5.70699284E+11   8.69517623E+11   9.52016962E+11   9.52016962E+11
   1.43335064E+11   6.23101420E+10   1.42376485E+11   3.33774258E+11   6.10111259E+11   8.61853581E+11   9.05826599E+11   9.05826599E+11
   1.76854172E+11   1.07425022E+11   2.00763490E+11   4.31541223E+11   5.54148233E+11   7.66754685E+11   8.18099847E+11   8.18099847E+11
   2.18211779E+11   1.51876469E+11   2.94340067E+11   6.44876009E+11   8.01499120E+11   1.03097395E+12   1.03097395E+12   1.03097395E+12
   2.69240910E+11   2.21808353E+10   1.70024141E+11   2.77331739E+11   5.07149386E+11   6.15793361E+11   6.15793361E+11   6.15793361E+11
   3.32203295E+11   7.26653829E+10   1.75425028E+11   3.70321588E+11   5.88024054E+11   7.07705897E+11   7.07705897E+11   7.07705897E+11
   4.09889505E+11   0.00000000       8.57385533E+10   1.28862822E+11   1.63161637E+11   1.63161637E+11   1.63161637E+11   1.63161637E+11
   5.05742787E+11   0.00000000       5.50641213E+10   1.11416214E+11   1.71070046E+11   2.26399830E+11   2.26399830E+11   2.26399830E+11
   6.24011444E+11   0.00000000       5.43999672E+10   5.43999672E+10   1.35952638E+11   1.35952638E+11   1.35952638E+11   1.35952638E+11
   7.69937441E+11   0.00000000       7.90724526E+10   7.90724526E+10   7.90724526E+10   7.90724526E+10   7.90724526E+10   7.90724526E+10
   9.49988426E+11   0.00000000       0.00000000       0.00000000       0.00000000       0.00000000       0.00000000       0.00000000    
   1.17214452E+12   0.00000000       0.00000000       0.00000000       0.00000000       0.00000000       0.00000000       0.00000000    
   1.44625225E+12   0.00000000       0.00000000       0.00000000       0.00000000       0.00000000       0.00000000       0.00000000    
   1.78446048E+12   8.76983583E+10   8.76983583E+10   8.76983583E+10   8.76983583E+10   8.76983583E+10   8.76983583E+10   8.76983583E+10
   2.20175925E+12   0.00000000       0.00000000       0.00000000       0.00000000       0.00000000       0.00000000       0.00000000    
   2.71664362E+12   0.00000000       0.00000000       0.00000000       0.00000000       0.00000000       0.00000000       0.00000000    
   3.35193466E+12   0.00000000       0.00000000       0.00000000       0.00000000       0.00000000       0.00000000       0.00000000    
   4.13578953E+12   0.00000000       0.00000000       0.00000000       0.00000000       0.00000000       0.00000000       0.00000000    
   5.10295015E+12   0.00000000       0.00000000       0.00000000       0.00000000       0.00000000       0.00000000       0.00000000    
   6.29628207E+12   0.00000000       0.00000000       0.00000000       0.00000000       0.00000000       0.00000000       0.00000000    
   7.76867676E+12   0.00000000       0.00000000       0.00000000       0.00000000       0.00000000       0.00000000       0.00000000    
   9.58539288E+12   0.00000000       0.00000000       0.00000000       0.00000000       0.00000000       0.00000000       0.00000000    
   1.18269516E+13   0.00000000       0.00000000       0.00000000       0.00000000       0.00000000       0.00000000       0.00000000    
   1.45927008E+13   0.00000000       0.00000000       0.00000000       0.00000000       0.00000000       0.00000000       0.00000000    
   1.80052243E+13   0.00000000       0.00000000       0.00000000       0.00000000       0.00000000       0.00000000       0.00000000    
