   1110788.62       180978144.       0.00000000    
   1370548.25       171902320.       0.00000000    
   1691052.88       137431792.       0.00000000    
   2086508.00       115887120.       0.00000000    
   2574441.00       102263600.       0.00000000    
   3176477.75       107309984.       0.00000000    
   3919301.50       83016440.0       0.00000000    
   4835836.00       98078048.0       0.00000000    
   5966703.00       95463592.0       0.00000000    
   7362025.50       126913496.       0.00000000    
   9083646.00       152103760.       0.00000000    
   11207869.0       228577344.       0.00000000    
   13828846.0       240075664.       0.00000000    
   17062742.0       341069408.       0.00000000    
   21052888.0       427181056.       0.00000000    
   25976136.0       591919616.       0.00000000    
   32050694.0       747760832.       0.00000000    
   39545796.0       995062656.       0.00000000    
   48793636.0       1.16543654E+09   0.00000000    
   60204100.0       1.33937549E+09   0.00000000    
   74282912.0       1.84154662E+09   0.00000000    
   91654080.0       2.27270989E+09   0.00000000    
   113087520.       3.15167206E+09   0.00000000    
   139533200.       3.66443085E+09   0.00000000    
   172163248.       4.89704704E+09   0.00000000    
   212423872.       5.96056166E+09   0.00000000    
   262099504.       8.07579546E+09   0.00000000    
   323391840.       9.06904269E+09   0.00000000    
   399017504.       1.02882877E+10   0.00000000    
   492328320.       1.32385731E+10   0.00000000    
   607460032.       1.71195208E+10   0.00000000    
   749515392.       1.91709020E+10   0.00000000    
   924790656.       2.64924385E+10   0.00000000    
   1.14105434E+09   3.49694771E+10   0.00000000    
   1.40789146E+09   4.30026138E+10   0.00000000    
   1.73712896E+09   5.09376225E+10   0.00000000    
   2.14335910E+09   7.40330783E+10   0.00000000    
   2.64458675E+09   9.29704100E+10   0.00000000    
   3.26302720E+09   1.19370351E+11   0.00000000    
   4.02609075E+09   1.64041900E+11   0.00000000    
   4.96759808E+09   1.88440838E+11   0.00000000    
   6.12927795E+09   2.73296687E+11   0.00000000    
   7.56261837E+09   3.33971259E+11   0.00000000    
   9.33114778E+09   4.40403886E+11   0.00000000    
   1.15132498E+10   5.11571460E+11   2.62303872E+09
   1.42056397E+10   5.39399586E+11   1.72731712E+09
   1.75276503E+10   5.75354503E+11   3.13260826E+09
   2.16265155E+10   8.18543788E+11   2.33279181E+09
   2.66839081E+10   8.25648480E+11   0.00000000    
   3.29239777E+10   1.03884213E+12   0.00000000    
   4.06233006E+10   9.74919238E+11   0.00000000    
   5.01231165E+10   1.11053622E+12   0.00000000    
   6.18444800E+10   1.10330944E+12   0.00000000    
   7.63068989E+10   1.00061472E+12   0.00000000    
   9.41513769E+10   1.09914155E+12   0.00000000    
   1.16168819E+11   1.16818864E+12   0.00000000    
   1.43335064E+11   1.11936170E+12   1.30143539E+10
   1.76854172E+11   9.61502773E+11   4.32549806E+10
   2.18211779E+11   1.09054021E+12   0.00000000    
   2.69240910E+11   8.26049233E+11   0.00000000    
   3.32203295E+11   7.63427160E+11   0.00000000    
   4.09889505E+11   2.46408315E+11   0.00000000    
   5.05742787E+11   2.26399830E+11   0.00000000    
   6.24011444E+11   1.35952638E+11   0.00000000    
   7.69937441E+11   7.90724526E+10   0.00000000    
   9.49988426E+11   0.00000000       0.00000000    
   1.17214452E+12   0.00000000       0.00000000    
   1.44625225E+12   0.00000000       0.00000000    
   1.78446048E+12   8.76983583E+10   0.00000000    
   2.20175925E+12   0.00000000       0.00000000    
   2.71664362E+12   0.00000000       0.00000000    
   3.35193466E+12   0.00000000       0.00000000    
   4.13578953E+12   0.00000000       0.00000000    
   5.10295015E+12   0.00000000       0.00000000    
   6.29628207E+12   0.00000000       0.00000000    
   7.76867676E+12   0.00000000       0.00000000    
   9.58539288E+12   0.00000000       0.00000000    
   1.18269516E+13   0.00000000       0.00000000    
   1.45927008E+13   0.00000000       0.00000000    
   1.80052243E+13   0.00000000       0.00000000    
